<?xml version="1.0"?>
<opencv_storage>
<image_width>640</image_width>
<image_height>480</image_height>
<camera_matrix type_id="opencv-matrix">
  <rows>3</rows>
  <cols>3</cols>
  <dt>d</dt>
  <data>
    6.9642048339031021e+02 0. 320. 0. 6.9537324762648461e+02 240. 0. 0.
    1.</data></camera_matrix>
<distorion_coefficients type_id="opencv-matrix">
  <rows>1</rows>
  <cols>5</cols>
  <dt>d</dt>
  <data>
    7.4349301802134074e-02 -7.0749658329709775e-01 0. 0.
    2.3059936688576812e+00</data></distorion_coefficients>
<error>3.0413357901566346e-01</error>
</opencv_storage>
